700050804230260209002
700072028630260210001
700100323130260210001
700080481130260207001
700020787030260130002
700052002930260131019
700057081330260203002
700091000630260124002
700050982430260115005
700020928130260112001
700110158930260107004
700056114130260104003
700120140420251204001
700070043530251208001
700300116230251204015
700056074630251204001
700123040930251201001
700040436430251128001
700054094630251125001
700053025430251111004
700056144230251101001
700056141330251030002
700053025430250911001
700120109730250808003
700050096030250812001
945025080900802240003
700052036430250724001
700070374430250315002
700055163930250412001
700050514730250310002
700040367930250223001
700090413430250221007
700040021330230915001
700110115730230405006
700101060330201126003
700080509420260207001
700040457030260208006
700080509420260207003
700090409530260213007
700120009530260213001
700072030330260218002
700012002430250707001
700050516930260125001
700071019330260218004
700040442230260219002
700050292830260221001
700091031730260221004
700100295330260221001
700020945530260224003
700090409530260226002
700080367930260228001
700090119430260224003
700054045730260301001
700052002930260217011
700973110230260301003
700020859220260227002
965026030601000852004
700050982430260306005
700050702230260305001
700054045630260214001
700030382330260307001
