1836956286531031419
2021932798093963489
2021763691474301329
2021760810583003629
2021603142912065698
2021464015587901925
2021395742972313701
2021240281044050130
2020798764521275664
2020402637242585115
2020081312372334659
2019960619181699541
2019631116987322849
2019587984572678368
2019544557139161251
2019519249082118653
2019256450724647251
2019006798536265840
2018664347288195388
2022074622582378979
2022073318883610799
2021952612891853170
2021572703581356131
2021929131211206740
2021926726058881126
1789236047131619743
2020654450659250293
2021732325764243862
2020679573588103415
2021710612817166394
2021678249198170581
2021623506069512417
2021609597828845577
2021582555963695556
2021578797489827967
2021573575358996521
2021556848563032136
2021553195869442424
2022166140651544896
2020122875689078790
2022184245410852882
2022209122213712320
2022295429350875204
2022464555679650232
2022347711975149615
2022345494668915097
2022577008673460376
2022571000404246752
2022549008116514919
2022535385801462084
2022601031969018198
2022619817107456319
2022645291951005906
2022667349309165756
2022769806185730190
2022883077689897236
2022837954834763915
2022969491454357896
2022963246303699282
2022941271963443293
2022935896291746227
2022932497936646257
2022988312861147569
2023011271034216922
2023009638770425941
2023008821589967138
2022999829555880155
2023093715343212751
2023163618356076780
2023048904963682779
2023228137098641468
2023223920237608968
2023236035145277662
2023246406425661922
2023246245436043741
2023383633072209999
2023381038815424872
2023380422772838464
2023372760186323411
2023370611188486222
2023366032711356826
2023365748236988467
2023364909460025854
2023363528724509082
2023358369155952780
2023357535189962776
2023357113133871474
2023355571668402321
2023355513464041617
2023352809891283439
2023352506068406572
2023352260877767130
2023350285616501121
2023350025125048650
2023348801378144753
2023212772650373565
2023620788012945522
2023604119035138064
2023457024118583639
2023389866286010447
2023729387074687162
2023727880413605943
2023726726350602613
2023724287111180624
2023722945844281509
2023722448861159566
2023721595043479752
2023719777051832336
2023719626513989673
2023718925499007114
2023718214308688069
2023717584760340861
2023711810256597230
2023710628494586021
2023710404451725702
2023709110869651561
2023708870674444772
2023708154538942690
2023706771114860706
2023706067084189749
2023899449513366013
2023890605664071967
2023663332914598173
2023852287215759597
2017162346993795543
2023707391746077108
2023689657490567232
2023944376095772997
2023938100708470970
2023936963225809182
2023992211323375689
2023983422289703299
2023980755576078449
2023975143769600220
2024020361499779396
2024037424305713260
2024028823034228951
1474818240811773952
2024051169228648833
2024078355394420967
2024075058872758366
2024069568629706993
2024066056667697409
2024064669657477153
2024062196565541231
2023899737079115998
2024110724398952738
2024106717458420149
2024102392283938899
2024100656370561398
2024096897313415320
2024092098325270919
2024081015334146262
2024133444675023131
2024112602398314865
2024287935550702039
2024284791634600077
2024354699978428473
2024352742945542249
2024323581497495771
2024381745408491676
2024366665103011900
2024393968856027266
2024406530955890765
2024472229745213821
2024462789813960732
2024455337152245899
2024452808049831937
2024452107928293477
2024445238585282981
2024498748249014625
2024617976067215622
2024570311484870661
2024543457638043858
2024669748320149782
2024705560818696371
2024819487695102027
2024745289832071553
2024740737397538885
2024995416820043837
2024975147728601387
2024973866096087364
2024963912056406308
2024843816898113906
2024837093319745900
2024835456442282206
2024832186458021906
2024818348174012740
2024800296539758952
2024793047590924577
2024769247428358359
2024764832009036127
2024761596548108342
2024734905972969573
2025034033600815610
2025108721576345991
2025078748903809340
2025066377678389621
2025066310225592598
2025055437692043534
2025426101938315770
2025364137925378205
2025351282077123054
2025347391491338333
2025200045973541313
2025202142785798505
2025199057778749524
2025198480000750042
2025493058838806738
2025426843315450181
2025505649056993617
2025505798076641529
2025533151699931194
2025525342996476347
2024772494138187972
2025719092100112859
2025707221112483972
2025572185453269142
2025511766650995153
2025546918873501942
2025541623376199920
2025537785529323682
2025761257027191284
2025789981269393434
2026012561620222071
2025971513833488759
2025952562315407459
2025951297590227191
2025933981292929340
2025908763182690729
2025900037730185572
2025854169287209286
2026117194749464926
2026132934739259511
2026254895414903007
2026246062005186843
2026274677468119250
2026266632621047826
2026238473624281321
2026195964240011634
2026976420224987578
2026965664058216768
2026623237837496328
2026950471135674687
2026932802944643274
2026602145152479500
2026880216585658402
2026860611049763031
2026788935205355664
2026673587588051330
2026283651651305567
2026669259594805417
2026659872440504715
2027261353677984088
2027260070669820108
2027198411641159742
2027166354328154497
2027166328126349630
2027051145106280723
2027050438730912141
2027006675312664730
2027003202756042854
2026583284935962959
2026836360137441706
2026835364652961806
2026654075404824709
2027995362095731109
2027885327747256621
2027897798948270308
2027943114103788030
2027876720339247431
2027871892137500817
2027852645915103695
2027729018360107169
2027722380060332476
2027717423542243378
2027715610969600135
2027709773379211549
2027696482766491958
2027689579101520042
2027688772717187502
2027679354676036081
2027617259418476985
2027602661810597994
2027553138509811952
2027977384599949561
2027945240863379899
2027925402845581414
2027756376492237167
2027722278965023133
2027719369263095827
2027709651987619994
2027689544808911293
2027680825068998956
2027671689115664718
2027666967063367993
2027664722175349077
2027663280924463449
2027661177577492673
2027641938044981330
2027629170013180157
2027583631112450512
2027556456787218463
2027554525582921785
2027547045490528667
2028289187313758563
2028227892082360560
2028224438496616700
2028182527681380470
2028152098186211431
2028123030493253887
2028102634864095509
2028101964916305923
2028085645642715340
2028077992778387547
2028072705023742386
2028070242564362581
2028049133572080087
2028024139819483382
2028276109109084449
2028130147912777810
2028112552404910134
2028105426202710246
2028051209723195534
2028405296310489370
2028401659240747319
2028396581054218365
2028331800771322296
2028329173715140795
2028461206915473658
2028451781802647674
2028442167224791350
2028421753878482956
2029021513735913985
2029021127746654582
2028963645464691000
2028991324452725092
2028875198200688813
2028844921470517357
2028843539497636309
2028823323736772969
2028819983762083879
2028805500180291872
2028802789606892023
2028781426943160356
2028781259615322298
2028777933004014019
2028769278993068251
2028768683049504850
2028766659960316203
2028763509652345272
2028759925569270066
2028749185944899726
2029016293505224848
2028917854158852249
2028843334127734948
2028842569359409557
2028837781951406354
2028822136996159599
2028797099559583841
2028796089323995441
2028795334894428345
2028791762165408249
2028774583315378602
2028765800547684396
2028748624818282579
2028675992685080721
2028654759989911700
2028635986578784604
2028626048704032953
2029069297172324459
2029048971520508200
2029034265850306724
2029057581281624550
2029095875104887089
2029107918143144291
2029105319557906634
2029098211491897754
2029075355248804264
2029198304844616090
2029165186746101935
2029159305682010153
2029143632641733025
2029140829990994086
2029120647767703743
2029208797751947546
2029156423666680180
2029215879670710750
2029212725327610311
2029447056750989504
2029430863201788203
2029383899407892597
2029383452836151554
2029382586191978910
2029379177292677414
2029375707587998002
2029352155161952299
2029345273940791604
2029332910554443991
2029311555112976737
2029453531783282868
2029396946734203253
2029372300433465808
2029368584204632362
2029515526817693846
2029509137042674095
2029478467507728714
2029477917823255004
2029526197106032820
2029515195455054296
2029509459945664903
2029498158804582886
2029475865621606795
2029537238846234945
2029533399736631300
2029527549076705614
2029542544842072252
2029534023685742828
2029532956679889033
2029635375711539349
2029559562190094694
2029602034744525232
2029619247056323011
2029557982254825633
2029612357668806935
2029585501536354668
2029560030467698980
2029558580802912704
2029833766106190187
2029832037230936349
2029804829049270643
2029791228473069825
2029781227272569066
2029773830760075658
2029762498682065231
2029760569813701009
2029755858746527761
2029738743029010628
2029737720512454952
2029731578491064585
2029685584520958301
2029846010558816544
2029844438525358469
2029841205312537042
2029840260272902399
2029838926438150253
2029818247978360974
2029815118448709891
2029814144057364539
2029791224044146978
2029776749538721804
2029773645770543184
2029771571586552269
2029755703217491993
2029724897254183076
2029882332862407150
2029874812500463825
2029871502103847338
2029883028869403098
2029873389016600730
2029867056687132719
2029958743501557800
2029941069107048500
2029928857344901384
2029920666661847537
2029915252855623873
2029906251111690692
2029899435053043744
2029890183345426481
2030052353446138227
2030120995575713914
2030119814010642868
2030112703143162182
2030115002175131959
2030108674945872375
2030105831853945296
2030103747159015818
2030091863026553158
2030090373758959936
2030081879882486003
2030065673867567295
2030116867105595459
2030151361971572955
2030127711876952228
2030151987569066359
2030231754628542972
2030225731410956635
2030193728527487253
2030184090830524762
2030180678797775159
2030164467695464768
2030269298275655836
2030268050768023977
2030264876934029789
2030252313592332787
2030260236536455249
2030259531511689266
2030254938782306338
2030287511281680410
2030276014899658990
2030281085272416361
2030293956526022726
2030299489064669194
2030296587801637070
2030323067474645481
2030160110522359980
2030372590854762609
2030392452591358049
2030409841823412579
2030404787150221600
2030397708150898869
2030491582575837457
2030466306416460260
2030464890998239394
2030463519091744942
2030444209854177790
2030441517115179488
2030436540552495215
2030431793246335341
2030486089337864311
2030470761002172721
2030466332702187699
2030460185962312107
2030530324422128030
2030524269810397440
2030512555911999863
2030504302608007387
2030502489712447660
2030501671932244088
2030532091474317376
2030523921964146786
2030516095283851684
2030496663136289077
2030495715760439299
2030557211349692662
2030538556956184651
2030565602990199243
2030579525235744832
2030587452965204195
2030584517405385075
2030591109320380587
2030644780925903150
2030624574446977287
2030621561523511391
2030614710874157072
2030608143705587909
2030607342568673704
2030637900380197263
2030626724984262841
2030616067660517479
2030650053128606176
2030668902599106838
2030712182426812589
2030781069574934799
2030783855071039890
2030783152877433249
2030804848401105015
2030794435106415013
2030909455001432263
2030904819783762370
2030875598701339041
2030873410457293212
2030864793759039573
2030858894256267485
2030851667978002719
2030841967098179887
2030833451264360940
2030909874343940584
2030877460737511502
2030840545158037533
2030829687124148594
2031005821354598452
2030996224653066241
2030993195186987326
2030992003975311533
2030980874968367587
2030977100270690317
2030973023977943046
2030970641705476420
2030969347121008785
2030968420263768549
2030953224434581632
2030939628577149371
2030939099415323056
2031005308567552160
2031004159861018812
2031002140244881788
2030997654361247758
2030995421297062059
2030990095675965584
2030976645054755136
2030974921644630232
2030973347480383647
2030971667644813579
2030967727620587618
2030952700779905489
2030932900636770576
2031014380662378618
2031010657467043895
2031017140267184488
2031062122646413815
2031053394899775917
2031027477737623920
2031041344953823263
2031031519381528597
2031138819865718873
2031123574723952854
2031094996544504153
2031211894741369051
2031194009927037401
2031188292373459363
2031165212280471964
2031151477872594998
2031142998797594639
2031210551548981329
2031200455175582143
2031199821080805486
2031224264339157142
2031195372421279850
2031172230307086448
2031317708109918379
2031315282308850060
2031300271079567467
2031279406946177119
2031277747922940283
2031234759410458821
2031319482283790375
2031292508475633909
2031254321510359388
2031253302575600104
2031377352643502483
2031361855101542693
2031360745154425288
2031352268063387968
2031347264061633001
2031339536832217192
2031332281189806450
2031326014312427997
2031355836191355311
2031346132727771165
2031338339773911145
2031337792614375855
2031336878562226471
2031330075745141109
2031329320824918198
2031457553532531081
2031418442918875386
2031543127316500498
2031538657547485583
2031538513578176869
2031535999835087217
2031534140097736782
2031518088789897308
2031512024015085981
2031509954201530524
2031568890137096620
2031593106349633856
2031592581809975611
2031592029092983024
2031586585607811372
2031581379117670733
2031607871537033507
2031650455642857514
2031701880884121745
2031693089568637241
2031701477954367525
2031710083609178272
2031728449350770911
2031743313125236769
2031740212515422567
2031751349462069349
2031940641295618437
2031939835947266398
2031915596598952010
2031933527626047683
2031913068608045188
2031912952262246523
2031900231957430421
2031871018961117315
2031864200029696396
2031863502835752962
2031859948314132661
2031969684501729313
2031925380794474563
2031899291762245761
2032011047595659722
2032005677124890748
2032004226075734392
2032003953626661211
2032037465914257754
2032036108423528954
2032034587980050571
2032032709363855432
2032031953017586126
2032029462829940915
2032028296322695309
2032023844043833356
2032021028957024429
2031995603635568748
2032167168301847031
2032120544175198397
2032105759400751601
2032081326074155161
2032076875439517819
2032064323284320384
2032064278648246296
2032041128028225608
2032040597004128309
2032032779052204201
2032031318826238334
2032030072165785666
2032029269984231923
2032232557799227450
2032227992903258233
2032227857276207128
2032138948089376891
2032122828196389040
2032110301089579173
2032097887057035372
2032095217378345143
2032090358608511389
2032086531708735824
2032082450613203390
2032082295210066298
2032075418816430417
2032074957740745180
2032071539160723669
2032065967493374135
2032065048752107973
2032064249720422596
2032060127457788233
2032058306395856935
2032423204678230423
2032422438999580842
2032413281831522488
2032410982258225597
2032402431179698563
2032391313342030324
2032381089168404589
2032379109331087387
2032376155689672708
2032351224054325631
2032349522316132520
2032348897952313663
2032339466007036152
2032331547693736256
2032302209388724233
2032292257400049668
2032291525405835751
2032275458650210539
2032273074121249102
2032263644046917777
2032411995467862160
2032411086939721766
2032333476297654401
2032330088319156360
2032321836521062602
2032319472691003770
2032268417710113277
2032261401411273109
2032252355560059056
2032245204133240979
2032426666199298170
2032484425750262126
2032484272251310083
2032473814744109307
2032453430271451275
2032451186025214013
2032489957109927959
2032453979570143587
2032451918526923058
2032439449142100294
2032439113983607003
2032494747038912642
2032521859854655654
2032581644109119558
2032573833606214034
2032568632832831539
2032554594442555403
2032594720116060198
2032700217963982859
2032660935786283032
2032648633179607377
2032640773674488204
2032618052861440408
2032614607198761244
2032609988821311758
2032715012637339730
2032714777114636722
2032714578052919550
2032664036823937088
2032658771458265293
2032634276777541809
2032620138978238869
2032601577312436635
2032740651796934989
2032735474947862585
2032725469989068808
2032724733784109376
2032748242530939235
2032744908638007687
2032780644171002035
2032763938635469241
2032758947296457054
2032801958822916309
2032789040924098997
2032807166785241131
2032804737964454330
2032851585416536065
2032841660112200005
2032836257915744301
2032834547025678654
2032826893901193568
2032819874033205408
2032817058140827852
2032872361830265025
2032864478635897001
2032813832087953632
2032945288168808669
2032940924159074409
2033049766754726174
2033044004204589412
2033042742670999696
2033038955973845243
2033035815526478018
2033008474620330385
2033006520506445880
2033005331081736443
2033000228140228875
2032988616486695169
2032986748767084855
2032976615425323354
2032976397904343485
2032970305237561419
2033069424778031488
2033069133177471314
2033066490380038293
2033063822240657635
2033050947715477669
2033048450619814054
2033026018861253027
2033024307597816116
2033009605140447434
2033002030873325774
2033088451545886987
2033082138363572337
2033076318687101041
2033074404511391806
2033072671580397914
2033091046494843193
2033072834617159851
2033142112724857318
2033121164210651459
2033098368407450026
2033121719607812221
2033188723626811556
2033179722331689067
2033175019036246129
2033164524128538807
2033161289275752844
2033160119505326146
2033148761074241622
2033160012768686513
2033148462854754784
2033184346199490856
2033174248010006556
2033170937672294855
2033300697798889970
2033294969125868024
2033281245489013143
2033272529016746443
2033237174989340817
2033215322883600680
2033214963091960018
2033443469839208710
2033433882419429463
2033364824747540697
2033362983720792206
2033353985940500706
2033506062532501651
2033485243194184035
2033477309689184694
2033482278735847837
2033467261802135763
2033459346609418351
2033425056089666018
2033424385961525343
2033423788302532920
2033416332524638709
2033416072330895401
2033403834790535192
2033403820613730577
2033403328068214869
2033401749336162698
2033391158395646280
2033391112031994058
2033492473893499216
2033482314244866263
2033481041793695919
2033472617592901644
2033536311920082950
2033528950371352846
2033522087403622400
2033518755205070956
2033392691082305582
2033529451846496592
2033600360594420014
2033564156021047364
2033561426066088406
2033556954745032804
2033552765796884533
2033841761668501902
2033827540222284139
2033819982761746510
2033793351498002798
2033785756855185825
2033759573081792930
2033717979876139353
2033728545202241567
2033702476407304624
2033684645426987290
2033656564234784875
2033669261227659546
2033781176952127932
2033765800826515799
2033757041379197395
2033693910921556120
2033687618614136968
2033676677088526389
2033940282010702069
2033936385183191446
2033917244284252590
2033913453707243621
2033901939650613612
2033895203900154134
2033894991790281143
2033882129193701494
2033881564371923275
2033868779059613765
2033854424733339723
2033849311797137831
2033848423766778280
2033933295529169126
2033905145017471305
2033902450374283327
2033871060530237812
2033859816045875685
2033996950849151356
2033986860502880749
2034012636463927523
2034037772588364132
2034054047888773297
2034053497898090931
2034050017603031350
2034196234546938131
2034174967345192965
2034157917730185466
2034134516214993128
2034131242455838804
2034099430568382548
2034087394375286943
2034080951144485264
2034058681491611890
2034157106975420593
2034116360746508675
2034110731818610833
2034391734550176176
2034390558790254869
2034355112773140983
2034301309843906787
2034297754365964690
2034281977025835362
2034278283446202656
2034239045770039599
2034234535764980200
2034100816101961973
2034301231326527765
2034500296802811965
2034476616785752096
2034548338473771221
2034539942681203040
2034522771200549316
2034507198152224811
2034491736979018193
2034471276274757855
2034463933353103469
2034459993118835148
2034449779816640903
2034430435581890920
2034425502061166732
2034567920072999081
2034529314021220770
2034508719682388224
2034506125329199416
2034599082405359978
2034676858332356752
2034646534550167556
2034644270523822348
2034636672898613394
2034607145367306427
2034599930531283365
2034873656644706760
2034870252799209645
2034867010908143732
2034866630057238549
2034851748364390665
2034846984205738407
2034833002979827849
2034826562529595493
2034812167376245152
2034765445916696635
2034760998629122103
2034752540949229779
2034677262658768951
2034847179966488784
2034833112069214274
2034812435455254701
2034784905922502847
2034911468966355007
2034910073483665496
2034901393639973204
2034910879079440896
2034985116850855969
2034976771515588715
2034971314327625821
2034963736931574187
2034952860903837855
2034949187763413318
2034935229832732804
2034923886836674707
2034922477030449220
2034918726857105560
2034916771590021477
2034977979110236469
2034974899140534370
2034950412915315105
2034941142333292650
2034927501462708370
2034927497411010762
2034927351881236883
2035015260894371962
2035005594231611414
2035158470622851353
2035142487732363324
2035138194929512591
2035137863491174904
2035117320444825824
2035116782759923784
2035018515187679680
2035017562145337730
2035015061052461549
2035144744524030376
2035233544184725536
2035223699042050386
2035221027165204776
2035216634147959064
2035212765204226202
2035209300256362523
2035184620996894946
2034993268400771503
2034989242766532974
2035242986624413860
2035229371641077937
2035204767526576148
2035133208061518111
2035360141835747376
2035359676699922765
2035350159589310718
2035345898088325564
2035311786107478074
2035298123346817462
2035297208799752591
2035288644660167121
2035286964216480129
2035270408136794404
2035031859521097824
2035338961720107261
2035337744810123673
2035329591519416524
2035308267518484879
2035304609514967292
2035304202013229174
2035303202887958601
2035285862863499649
2035285213811810702
2035280669836739019
2035264706173444268
2035405335167639801
2035386821065282003
2035393964858376293
2035392822690689198
2035260042966864233
2035564328808493496
2035536947322482830
2035484136543301766
2035474794381217998
2035562867848855683
2035588895191036207
2035579929459347762
2035570248707919926
2035654232607711427
2035650311033909749
2035649682123448805
2035578244020248783
2035655587896439061
2035676051129692356
2035668938445799883
2035654638121181691
2035677000342651192
2035673343165440165
2035786813755793712
2035751380473053436
2035736699637318042
2035728828975505651
2035702974778052967
2035700911365108041
2035699031759065147
2035749281395769813
2035710829295739089
2035709879613313400
2035707619738833253
2035700367258959904
2035699609738039501
2035686795455983924
2035848541697114553
2035838422468944275
2035837784033010022
2035824267078623521
2035806198780371344
2035831625540571141
2035891780605075526
2035953666851815782
2035983993179431091
2035971819333902614
2036113849594904830
2036109795418382777
2036106652584387008
2036095304466899312
2036081780290404721
2036079345610191151
2036069900037636474
2036065943399604694
2036060818286981446
2036058943538303186
2036053505891279340
2036052105719587282
2036042775691403484
2036039172109254709
2036038565898109359
2036017984251326504
2036010838444626359
2036102619895321044
2036075362166436285
2036042896743550996
2036040561459884143
2036013068468322490
2036117937556267404
2036392070815130059
2036390218799128944
2036384820008460707
2036383056702087388
2036374683990532276
2036374488779198765
2036370692367851552
2036366191179210761
2036355930061938975
2036336659889795090
2036322510367760555
2036318349987291372
2036310724352549173
2036290351783354400
2036278141337870781
2036270368508485950
2036269406528086074
2036264002976895089
2036262934939103614
2036261718582763611
2036403230272528841
2036382515657662689
2036338606336516345
2036304350616953207
2036291518982660148
2036279767683703137
2036260509159399771
2036199277131968598
2036527123926597684
2036453257837682828
2036452277687558332
2036450670296047970
2036440209034764299
2036435717673332918
2036431728663830830
2036426703313293666
2036425592749596695
2036424570144694460
2036478322088223181
2036411764628398302
2036708602036052174
2036705621991649613
2036689327502065827
2036678980741509355
2036662924324765946
2036659916644208772
2036649935018312016
2036624107731874058
2036622294278087104
2036615008025501814
2036595648632652077
2036590064005009724
2036581378133991572
2036580959911608745
2036566365101011310
2036557117490962813
2036556191820665047
2036740898965405747
2036739284162748688
2036738856607973462
2036732706613244064
2036708457156690191
2036690616466448772
2036667406672896203
2036792522673148223
2036784410595656055
2036751536739815604
2036749075845202049
2036805885461426544
2036839595640250552
2036834393914736673
2036827214923067774
2036816500820971530
2036800390315085988
2036800330844000614
2036778444638257518
2036765147692470521
2036764757966082554
2036756063442424231
2036896955339510188
2036940204221902975
2036942046171455733
2037065510425419874
2037060156392169802
2037052107644141967
2037032248864833779
2037031060341760218
2037017897479049562
2037014076434637092
2036996395559952832
2036986497543659596
2036977012779475026
2036968415613903042
2036946843859640429
2037066392869232659
2037050006956593270
2037031725700964847
2037006798725800041
2037154260681711975
2037153626469392871
2037129531056898358
2037125248097861826
2037118632971415603
2037111013498380649
2037225907585245431
2037219507702239608
2037205613332070491
2037197194563117304
2037192551468355645
2037187118896673203
2037185440051064837
2037182783085568234
2037152264440471833
2037152156156125304
2037150716238979392
2037138828553494750
2037130680040382628
2037308772692168905
2037308342096273691
2037291965620863076
2037286554583048557
2037280348447343036
2037272483095548088
2037268974174384356
2037256859758059865
2037308573068497294
2037300116969943092
2037283971810431161
2037318464973504996
2037318432631197905
2037317671885111567
2037318093366792702
2037448047580352835
2037446098327831003
2037418121275777486
2037392095690821735
2037381459259047936
2037376235349872680
2037339878850236622
2037335292399522200
2037335103471292604
2037332339790082136
2037433151639994721
2037415865105457211
2037410555716391341
2037368418966601799
2037367148121858156
2037363987998982409
2037525350893470063
2037524013518672024
2037470422409863535
2037453889822404805
2037507477353410893
2037494196723183827
2037553996882165963
2037547045054185907
2037528556033466598
2037527168235008293
2037534469075411061
2037741622331425007
2037740364749017544
2037724243882856467
2037723801614536776
2037721337347576291
2037719671399465315
2037711272754425981
2037697146355650771
2037694145716682811
2037690781310300319
2037676038721765685
2037672034356842894
2037655700248138011
2037653916708729330
2037652930552328293
2037651326633480244
2037627963198316580
2037621607028625690
2037613043215958343
2037573217448001560
2037763255704424747
2037757140518281369
2037742866618048689
2037742078915158092
2037733124822716753
2037724728820208074
2037706596604887443
2037779259305939321
2037776548862828654
2037775124355817832
2037770324037824852
2037813093632479319
2037789132060250582
2037783212122914825
2037918878924419342
2037901250822369391
2037892665652523119
2037891310368039100
2037885764013269024
2037872716058141096
2037866220226293929
2037858375212634195
2037844955520020706
2037842657821499796
2037838612604026978
2037834752829612296
2037821189029245397
2037820446272585932
2037817471156281607
2037906155658453268
2037905984195318124
2037897384458633575
2037894214198190416
2037868996004102590
2037860907691495549
2037823418880679975
2037818015379870049
2037794821033914873
2037786930549801134
2037979530808148223
2037961439906791542
2037939172749541637
2037953136401481868
2037996339280191922
2037981636969501087
2038111824730796257
2038080198214607245
2038076116510859510
2038073658065780840
2038070212948361346
2038057912673681785
2038054858519978043
2038043339577049418
2038030074369192352
2038019408640233752
2038015765354258474
2038133048223662561
2038120185161568733
2038107872639254557
2038088758214774855
2038074465880297789
2038073633273491548
2038068782636343545
2038065681846145386
2038020917805388071
2038015893167354326
2038178381754421468
2038151755155075551
2038151364501717392
2038140023237918810
2038139609583104501
2038178002681594081
2038174779069595777
2038375310698369520
2038375093521535387
2038326598857064867
2038258238169526320
2038250672186151079
2038246942887870808
2038246928387813609
2038228576865255603
2038224846640034032
2038221137147236757
2038201096695681108
2038198375443833307
2038286291306238180
2038280455909425490
2038250680448844224
2038243488857465274
2038222474119405930
2038213067373478041
2038200340928176133
2038469248499274098
2038424013274542164
2038421887865557187
2038464160594530586
2038456792527810880
2038451384388112760
2038443645385486373
2038438098254917916
2038429127188095285
2038425401442419020
2038418849578811829
2038416538286575935
2038411481717653561
2038410644731666891
2038401543037464914
2038395673780072689
2038579491203887322
2038569405299425784
2038556269846610289
2038548811233308785
2038582660893999500
2038576320729473268
2038561806793515034
2038560406218948855
2038555760565833922
2038498469787419080
2038643180279914605
2038626245005697035
2038623646621802651
2038608905845305830
2038636751003246979
2038606892893941903
2038604531467198601
2038728789786841552
2038760275785261073
2038757209207877952
2038808294274601253
2038799996309635438
2038784592413393069
2038777508590759995
2038834035221524892
2038820706377756674
2038838983279640772
2038845687312662999
2038936782633676810
2038914754069373061
2038886923507507507
2038884610571153817
2038945293929259260
2038933936164974671
2038927620772163907
2038893683274383833
2038886704745164979
2038881422673629195
2038879386510983531
2038960764476960880
2038957545507926449
2038948705957736954
2038982193499054081
2038965356086378850
2039052649279168663
2039040792359301434
2039111864316239881
2039158410999119910
2039129333193920774
2039103152247767197
2038947942653108414
2039186117346623750
2039185076748169223
2039161073304031732
2039160074439164335
2039152706867130754
2039201154199171582
2039176194453917786
2039174238003925132
2039274145360593089
2039264067517551016
2039231265723838886
2039228769815482478
2039274332917264629
2039260744399950113
2039237803377344949
2039235829743473027
2039337318495195238
2039330997016342806
2039304368944803976
2039298366975463648
2039370190622982416
2039314644326867129
2039311110663544915
2039303783940022350
2039302141836509530
2039477578923467127
2039468663799992327
2039459246694453721
2039640966999716196
2039584556404383851
2039565045936652686
2039706777311474045
2039686719235412260
2039650810548920693
2039641325231013977
2039597845691732100
2039588344422945234
2039566327845962011
2039543738431852936
2039523212460282282
2039516913790070858
2039498544365859075
2039489364808573142
2039715324333813941
2039713767366484230
2039713567113658717
2039711604112228842
2039701710713827508
2039688238580043888
2039683877892153630
2039675679336505625
2039658423470661708
2039658096822476802
2039653483264307528
2039498134179746255
2039771216626757706
2039767824986452442
2039764752554140156
2039749324280680769
2039833027359178793
2039828537520082967
2038420223838363759
2039968619606798456
2039945407414079728
2039929640631091253
2039887690448122350
2039885599222706506
2039846677205619177
2039845184180203745
2039981927940383008
2039898112207257670
2039996655727255827
2040018375938900010
2040053221117530497
2040036463757398414
2040149961426518197
2040109767453294970
2040184857175953447
2040178089926500795
2040177418787574139
2040318083500572719
2040296651957637573
2040287534966800833
2040285689758326963
2040268212424847447
2040235402095992857
2040232619015864529
2040224686504915369
2040222066306347188
2040209425957572984
2040324440886796693
2040224832126693672
2040210112972021880
2040402535144710442
2040398795188650364
2040376472788230258
2040366126555938831
2040401851984855492
2040383170122752055
2040382619368685641
2040372243151348173
2040370551018209609
2040424795670794405
2040603353109946652
2040583826397975017
2040578140771336642
2040535010026147943
2040448841355530295
2040436027211575513
2040434441135542597
2040424546772427136
2040788203691720715
2040773337060897069
2040751976410124629
2040746958156149053
2040742051546022311
2040740899765068037
2040739918771810419
2040734629175644364
2040719649156084120
2040706621207437770
2040697797553627641
2040641248818794541
2040617238022242405
2040614225870283095
2040610377608892518
2040552523975836116
2040773286536384808
2040769997321220368
2040763976267813195
2040762661110206543
2040756252842885302
2040679346478915626
2040677161791901793
2040645543328956865
2040641800415944874
2040627948890546574
2040625184420581521
2040594593474044287
2041150835879706863
2041150581818163257
2041141827760496717
2041133822058848462
2041132436852179189
2041125972481806468
2041125855079076012
2041117888799768635
2041116208091869378
2041107532857704710
2041097601282719841
2041077460046155885
2041069924198797495
2041034054653599852
2041005846537318859
2041000362476474379
2040994665139499131
2040992109050888656
2040914141767184704
2041120898884030504
2041099937732276672
2041078099958534317
2041076771827908827
2041070049751126317
2040962884436689200
2041291561884090457
2041172487015375287
2041165370174886297
2041168102575210642
2041156328404709423
2041385950593560722
2041355923051147317
2041335664562897009
2041326076128035136
2041356047361929569
2041396232346841389
2041394277377519904
2041513047588819255
2041486559745364278
2041482775694541016
2041451434970112450
2041361920125776260
2041449830950814006
2041448763039096995
2041545231032840441
2041541071294136527
2041540742146048186
2041530531381449192
2041605817481490563
2041818051780448418
2041813506920796632
2041781938298744834
2041762490082849202
2041758978846364081
2041745499695579260
2041743188277211283
2041738965418701090
2041729921610121670
2041668138123792785
2041812036410397171
2041679764206055521
2041667036049555541
2041876071126364349
2041855900391194842
2041823011993743746
2041820385306669092
2042047631753638173
2041966711512166454
2041896411235852293
2041823617097314739
2041819591232639173
2041931486765707386
2041911182609801509
2042176240090837065
2042126951327133738
2042123985580896333
2042117642031628549
2042105290745901415
2042092257726362096
2042083627543269624
2042171949238149585
2042171499352842301
2042163062795620539
2042118503881453793
2042110341308674240
2042253154251849868
2042239507744137616
2042230827942326641
2042230594432798778
2042221008007172249
2042217056653959382
2042262535450337603
2042244443873710570
2042222466765033573
2042372452286939415
2042370459938029588
2042390200928911493
2042390185292509628
2042386774505504894
2042529011767881973
2042482845449634121
2042586160543994291
2042528695102173531
2042613850818908280
2042606343580979702
2042596833156042973
2042578737854882211
2042562543412236615
2042560905628778533
2042680020112675301
2042804996094464342
2042800749013242046
2042794104703324585
2042778898627522966
2042797816767222169
2042751969916522849
2042832008800539076
2042819456007835858
2042830149012570519
2042819926621315479
2042911557139730770
2042910253164171345
2042885614966837711
2042872174852350219
2042868671354458525
2042887037632819566
2042867609339936883
2042928328806666662
2042960900316131433
2042939031370240153
2042968808168788250
2043001734117888361
2043052818534404392
2043277230953181599
2043258348427157930
2043254208217190434
2043217771677536295
2043216624510271781
2043213372494348515
2043158506862481701
2043150356780286408
2043133612762202133
2043082088124129413
2043275511804408075
2043255678110974208
2043235177779146937
2043221153045704872
2043217062647181780
2043159526975881331
2043154518616236329
2043146313781641577
2043112722850890043
2043322085758689743
2043302976685834749
2043293545583566854
2043319116908634298
2043312781605417200
2043307355040080266
2043302422370717823
2043296960032202762
2043296071879987541
2043713141247508891
2043702258911846564
2043677525075980389
2043672233445662833
2043669633295847798
2043668642580267099
2043667859902177377
2043666115738685831
2043665252852904445
2043620132493352999
2043582778776941042
2043578664139555046
2043525714453139797
2043520964693201197
2043472539008258382
2043467155132608705
2043341753420505145
2043334694012596490
2044390049815630283
2044386881996234868
2044375782827667838
2044349764607852984
2044321279621374303
2044281687140655297
2044271461653983256
2044256213739974939
2044252887799546164
2044237054264201457
2044206033653117252
2044200613786124796
2044088713601540114
2044032350640845137
2044017470508589439
2044006279291777345
2043991402305261588
2043985927836782873
2043874840411836871
2043770190807147006
2044382766729687173
2044372295087771700
2044360893136310662
2044299088515256343
2044070921519149503
2044039795819847727
2044039513971011698
2044032144436277714
2044008689288523811
2043934659135057925
2043896035903451342
2043823803101519913
2043670598677864546
2043669255955394815
2043594589353787505
2043525212516311161
2043473556114432252
2043473173904285843
2043365892038479905
2044737428309807327
2044733615024844873
2044714757740220746
2044664995208998972
2044653629060317232
2044651484558827690
2044635877939572780
2044608204689268954
2044557493951729908
2044548035800404428
2044469988426387483
2044427021351256572
2044700587846217816
2044613341063283106
2044863152483881041
2044771550029926492
2044765741384106167
2044757479440130343
2044966508011585824
2044964171788456247
2044956191395377477
2044950472499617972
2044940394925011322
2044931150511308890
2044921258362761273
2045068060487557132
2045055417756361117
2045034286060060794
2045028301627125986
2045014525351748087
2045013713418396025
2045005376450666682
2045072883496726955
2045011436015874151
2044994103717621774
2045094357578182910
2045123804746457320
2045112352245486015
2045104918990852568
2045182098819170455
2045149081786622241
2045181802734862343
2045346730183680250
2045316052754849814
2045356507357987171
2045314875019468910
2045396260837060910
2045394850632343588
2045418447002358092
2045431010926747784
2045424411369734437
2045443287734227028
2045442060334117100
2045514665837605105
2045512502944120936
2045496940138553652
2045492712837947624
2045476497251860508
2045523669049639414
2045509225804386424
2045475018726113520
2045471848415252519
2045871016300450205
2045865554297463268
2045839638821220747
2045828328045887573
2045824534570574306
2045793880331915410
2045790585336816020
2045786774396670167
2045764648444834192
2045693859485876256
2045650467863376151
2045570669795258383
2045845348703404144
2045821019710193823
2045725643628061022
2045690271288230181
2045654023362199693
2045627335697891795
2045616064558723273
2046105115803926677
2046094617511407951
2046092571857093094
2046069958166315509
2046053885278908530
2046028740489363520
2046120331598020726
2046073916838519055
2046070453161378064
2046068941014126956
2046056399252402277
2046183448315134317
2046175607931990183
2046158557922709939
2046152147033866709
2046255930493251980
2046228702913335343
2046220053755175418
2046213738592952717
2046209984783139046
2046262975309418675
2046246333221351515
2046216645568508094
2046210799484731418
2046201700382601285
2046450784762736865
2046405299121111174
2046357438702694792
2046540733696634985
2046522806905786425
2046500974932730278
2046471989028950079
2046539033950781910
2046516244124512291
2046471926307274941
2046809390758666702
2046754853750444036
2046750512503292350
2046721278627967286
2046650215642357853
2046608110979301400
2046603202003624124
2046581018031960454
2046573159831453878
2046559161736192481
2046556439712616617
2046549929263567052
2046549564212261034
2046768392926031954
2046621843365441718
2046610612474859999
2046598968440991889
2046574342050627832
2046543388498149637
2046542546197958904
2046982263347507425
2046920026763219000
2046917329922236605
2046917085956124930
2046907764996489623
2046898737008783574
2046874250787844500
2046843395998728366
2046930323733098977
2046885751141613849
2046844314870001682
2046821001733050530
2047086187480031555
2047278228172398598
2047256954381430996
2047250199165522022
2047220306088280208
2047165456067264850
2047160291365155288
2047153039753023627
2047147142528340318
2047106803721552136
2047105539155673258
2047104493511385175
2047253134301663614
2047249331514958052
2047186624740815239
2047185103806402810
2047116860509077630
2047594313606103265
2047540985606098960
2047520188242018639
2047500845730984425
2047526425251741802
2047522197305180442
2047520293749674472
2047457896062214399
2047655878585975075
2047654441437045117
2047635019091578938
2047595413864423691
2047645855529013712
2047608398326407576
2047696978004574656
2047669131324092818
2047677945918136665
2047668966295023861
2047661714448191799
2047658672588025966
2047731797212164504
2047752846272340281
2047798966474191327
2048006567803736394
2048005170282496164
2048003083196907751
2048000674861117606
2047987698137473048
2047935622174969969
2047917814854594700
2047888086705872965
2048266057237016793
2048261511311974839
2048254271674831295
2048244749233201235
2048217371274625433
2048205458599743879
2048188057166487620
2048151754240659719
2048103299937923276
2048055011230597274
2048217196351115637
2048195303246045571
2048090815432675515
2048067554015629317
2048060943796695164
2048040441321574823
2048032003765993630
2047971517863190690
2047970272503017630
2047968074427666897
2047964143991636415
2047949045289959448
2047923206322098323
2047906587499811314
2047898208572256505
2047886175525126566
2047837463218188791
2048508184206434469
2048447261722792206
2048435886438875372
2048387424439701912
2048384208872325390
2048364378832195737
2048353945324843431
2048352492589916302
2048324565647200512
2048309183423160777
2048307881439809895
2048301143793762614
2048299249671299285
2048283098169958736
2048886558552621307
2048863140491014646
2048857144158818609
2048857065943339335
2048792360021373300
2048787169511358831
2048785410378420705
2048774921732698206
2048764917977940261
2048760238627844118
2048740629124165873
2048727608985264346
2048709644143747090
2048709129687171373
2048691799678669051
2048691478801928676
2048681335842312278
2048651779265659135
2048647103837303005
2048604206383391158
2048910226825556195
2048899977003651409
2048804534416544059
2048774824659427514
2048770023427277120
2048731967542469099
2048719866228781521
2048700897803506172
2048698402482053191
2048649964939821064
2048609852361228305
2048598020032250177
2048570322765615534
2048549975110676818
2048441003812811138
2048401693310898502
2048361987479150722
2048353082598445476
2048344409050357965
2048328321507999936
2049024432170225931
2048981794171871392
2048974481721536744
2048965741127651395
2048957922554638832
2049094096711823366
2049081307708444765
2049062985449284075
2049044647222317497
2049007385356964205
2049003729559707686
2048990192447746151
2049166940623737112
2049166868288798816
2049161013392765361
2049127164289962141
2049118143176651036
2049110565134766421
2049094902445953066
2049089285534687500
2049085542755864617
2049083913977627018
2049071779474489816
2049041439120843214
2049172582063026538
2049152145812008974
2049148325497323894
2049129166197670304
2049125525579534687
2049119663217676303
2049242253491851476
2049248219469918290
2049495761826820270
2049493240102179011
2049492951781490958
2049471788200177696
2049461798445937146
2049442268151795857
2049422379835871361
2049399954305950046
2049395059100205437
2049293791644033241
2049266435399299128
2049494851759354270
2049457632084464104
2049450560924098956
2049439028056150408
2049416458938314899
2049326426294542422
2049296369178087920
2049250788241977561
2049532929811022008
2049532841667744069
2049514779543478767
2049522876261466293
2049509389359624355
2049696609005711571
2049686006102888601
2049681523927044340
2049616765970428390
2049701365333795310
2049659677055824135
2049642824027848861
2049617862277619952
2049609500739739980
2049743614084063416
2049761065135898748
2050025960297357810
2049991275018096895
2049895175607157145
2049895111295943053
2049866293701185706
2049844308468249039
2049828681057796146
2049821775304052895
2049809056249131419
2049797787429286277
2050059965357023250
2050047193407713495
2049986453585993743
2049890424006037510
2049806307033817562
2049776231735005382
2050179312742187250
2050162054842224764
2050125218996445399
2050124338159050774
2050169619319840868
2050169225176830437
2050119812349845755
2050071206959935608
2050481964256293121
2050443949165465878
2050394374413185505
2050362513007804456
2050361446513742145
2050359208504352858
2050246475939291618
2050243192411541653
2050202349499711905
2050448677991506124
2050436877338243533
2050394929747366272
2050387422807200140
2050364165290954829
2050356233031540919
2050329400231739678
2050316008712491172
2050240514298204493
2050240498468872261
2050217834186449074
2050196640808706423
2050187784925962524
2050542663448076466
2050536504636973287
2050516034130686199
2050549113780109560
2050542812505223677
2050517549692092561
2050497150740799801
2050496012373152113
2050596621260648716
2050582587559842222
2050572859899367449
2050561322472116547
2050555892408717396
2050899306954240039
2050879093953224764
2050868183641530773
2050858610461454792
2050846356370235428
2050844279480942607
2050818921352343568
2050886815528493492
2050841619633692972
2050804354924552304
2050764660140564487
2050749080993927496
2050742994471723273
2050726925857857713
2050719718911484061
2051039994815693055
2050725382647918777
2051347407980642376
2051327762179527040
2051314973654290614
2051299258247319944
2051280247308660890
2051243864753893398
2051242185438429195
2051215823004643550
2051207139675525191
2051182844006015171
2051130457337827483
2051112015549374603
2051103222807601630
2051099522722595306
2051367711624790034
2051328485357187203
2051318582370545766
2051263211840889191
2051116119117967684
2051103588060168491
2051095784586944949
2051413497960116354
2051429231331254292
2051519002346975601
2051473345024324048
2051463878798917924
2051511320974114982
2051476489489756287
2051474708290588899
2051415505211383815
2051547418332934375
2051520471859155088
2051550712916812272
2051735910392459302
2051676372851134528
2051660826801770716
2051639504453431727
2051627572614828074
2051615542759637227
2051699216586842174
2051685113935900677
2051684216392561019
2051675420383387917
2051649987155775527
2051641276232262076
2051630637367660774
2051619325849776379
2051606571126603988
2051600786074062889
2051597274414035423
2051560370721169697
2052046060961542542
2052035308821365238
2052024458865692812
2052005032946815077
2051984554882449764
2051980863270015096
2051952241725297063
2051930934858154098
2051881673151922454
2051821893322514553
2051808746133930187
2052031472064942329
2052000281609764927
2051987535585558838
2051955018719502671
2051952261816041487
2051944585103016227
2051894507734802720
2051893700876489123
2051873689046827170
2051839136894767378
2051823261386936533
2051815304687391178
2051812545556832591
2052196595035451662
2052185676620370246
2052162623475703991
2052144575578615843
2052462797896974696
2052387866798706795
2052383032037020071
2052346890369573026
2052339987035853215
2052327780604674285
2052268210830094550
2052225927653048825
2052218268317098347
2052418420805915097
2052380220909580306
2052368603178279374
2052361260227051748
2052354852135776290
2052350360430448999
2052347180204367942
2052319148982800814
2052210831925071957
2052480467082138041
2052508375192388030
2052628439220486244
2052563998881820958
2052554950614667383
2052553348457615714
2052549642550976982
2052625161560772981
2052591485544235362
2052722910121640422
2052710046451355662
2052709553335423213
2052697856553931195
2052691897320427891
2052684054731149604
2052671919338737802
2052666337043128585
2052725151326961879
2052879632245154177
2052879576884523392
2052845735469879361
2052820588830589252
2052786169726054468
2052769017480511683
2052760863959031848
2052754511081722240
2052751227927290181
2052890659611439204
2052883494427386162
2053022929106116910
2053017907005964635
2053016727156674950
2053012832615301160
2052998489316229533
2052974269903347863
2052962820762095771
2052958905094066450
2052947863047635068
2052924049471217938
2052915979005673653
2052911991715754351
2053041176375394659
2052978102930948490
2052932562465792203
2052924012507078767
2052905347296461148
2052781960368656716
2053063099239031197
2053061748891271499
2053060250169962927
2053054788133347804
2053053609794052181
2053064459208532349
2053050671738626263
2053112266678321274
2053100829222256857
2053090859219026224
2053090346566123590
2053077096558456968
2053069413562114247
2053067034829914147
2053104937605988503
2053102619107918043
2053091530672676870
2053079881916023152
2053072095794593951
2053252492021170543
2053429816502923490
2053424225776701799
2053419752186601758
2053402718400864565
2053394030432514435
2053390920067002733
2053381347675451551
2053380339335323840
2053379010340749757
2053372408929935698
2053330714314387559
2053330001450451318
2053321861661151334
2053292169184833594
2053489496348557548
2053474942457643365
2053449731310043138
2053444424944984220
2053709503766605936
2053687495607685273
2053675999276175422
2053624044726136916
2053610978772959426
2053674531437637922
2053669033485197798
2053659579389759701
2053637850391007515
2053586229523018035
2053543174237548824
2053477541265170653
2053465779107156165
2053459765649678832
2053437445317026183
2053421899489952115
2053404721793454320
2053348240742121748
2053341992642625679
2053287021389795534
2053270770722464129
2053811053159698819
2053806829457781082
2053803614368628785
2053768722637344898
2053733392672526557
2053804272547172677
2053780796834738566
2054211258967269574
2054198384651853906
2054197633972113866
2054177816938418187
2054144331876118858
2054140877766062478
2054119515420827729
2054097271151878230
2054062008950243337
2053943013550801129
2053824191112376399
2053816617239482820
2054206151173300245
2054192245574905890
2054161985416446356
2054132702430015819
2054122547604832657
2054041163511054513
2054010349557567649
2053894681898197275
2053859872975049064
2053830926988374427
2054688599870935252
2054591048131957207
2054586599573479461
2054578908620865537
2054531687372230707
2054518766051242151
2054484480610775171
2054477498398953846
2054474485626196228
2054456031292641282
2054443498406080805
2054435419346145415
2054375404715082030
2054342109612925211
2054327955099398615
2054611956783538244
2054558875186352402
2054555342651228224
2054543969120657798
2054500593574813814
2054494024946565510
2054454584312209659
2054409346440917391
2054396543613223097
2054359441362112934
2054345893298815021
2054325868663804122
2054318686119596143
2054703306556178666
2054705165975085445
2054699469766357448
2054938752976633943
2054884269487755402
2054878357846954360
2054839776646451441
2054824523560821141
2054820750943744407
2054818174986793283
2054817150301552856
2054777385917227314
2054770766097666099
2054713945311846709
2054672936146256248
2054932347280331121
2054922812788539525
2054914768830693648
2054912654641398176
2054888183293526484
2054884529530396866
2054881228491497526
2054867661105049916
2054843732655223229
2054837415861453049
2054836313741005073
2054828458996531287
2054743048723317176
2055239701297258545
2055239138652422189
2055238518734197097
2055218096525492674
2055208504009646372
2055184515166077414
2055136163317575875
2055082942725247373
2055067347963306349
2055263872744051195
2055251536650121435
2055162777602597253
2055160491002249693
2055158853856313680
2055152453151273195
2055128229615464513
2055081261358821880
2055061889202458824
2055303149410451467
2055300482005155842
2055273505336492538
2055264291222417699
2055651883260490041
2055651637302317271
2055644402274759036
2055640628369957291
2055605801830711776
2055565438579519856
2055551705593626797
2055537285173756129
2055531026232086904
2055527936074326262
2055487955717038080
2055475622869455019
2055457518890238099
2055682847621706102
2055663535943028906
2055639965506384107
2055639600559952123
2055594625734443112
2055587798179348645
2055583935145607273
2055579063520313539
2055572715453743204
2055566592176689189
2055563102947856605
2055548319691423981
2055536310736306205
2055497825564471353
2055451375702847876
2055431686285087213
2055665794164674576
2056026528597864487
2055992412313661931
2055946272885137607
2055938998787576067
2055918288048357561
2055837368465383679
2055835697865794041
2055819403988771188
2055814680032211119
2055797385218146777
2056022590402273382
2055985547391451613
2055977983501094988
2055966776903815667
2055959626542461215
2055950112585846968
2055908423422869657
2055834537591239084
2055792264962834737
2055765350491533441
2055954893110952394
2056043341419344014
2056027012037500997
2056293441332748534
2056281174113452508
2056240320334217544
2056233195348295915
2056213131400302765
2056178272615166408
2056252205896966460
2056234092606468099
2056431398689661346
2056399688874795138
2056382127600730138
2056373212381151417
2056338873933013503
2056318899873042667
2056317700444688405
2056305622237450523
2056374530860617764
2056374006547415133
2056373298985116117
2056357159672434897
2056351922005930003
2056330754255433850
2056330427259134349
2056305465647308940
2056781976296931349
2056759219412701596
2056735272193413475
2056733037959004658
2056712859384684909
2056651623699734623
2056635098917990562
2056485403461566749
2056730754684731631
2056714162131415508
2056703077751881775
2056688615967875499
2056680423351345344
2056642284054323408
2056614940350509462
2056582796525883489
2056570917627863143
2056564235547939072
2056556259848196577
2056503414209810477
2057374126743203851
2057365345363698031
2057289938782265684
2057111189113700427
2057101433942766047
2057069475456070125
2057020845122596987
2056990960945709391
2057367811287298307
1701904189876834652
2057338211320696904
2057267636569014712
2057240463099535563
2057234916002394240
2057104841693081647
2057073501828530356
2057059895426556013
2057055379360796861
2057028632443539815
2057028312325919087
2056902777599901910
2056888408128278820
2057872494539977011
2057849706643112212
2057846371366088928
2057831199733915784
2057829542123971036
2057825068709986432
2057820151572250909
2057815266516676852
2057805707723043322
2057801660647584147
2057785107264761878
2057775265586266381
2057772923067502829
2057420912325165330
2057766374995546228
2057764258352648263
2057735707989569569
2057444335868924066
2057665841060319510
2057660356001149237
2057707129650479360
2057762092959371600
2057750252543959199
2057695897799258479
2057388349778960813
2057397504703111447
2057479910789361989
2057476155142500358
2057460422173978761
2057457864730653078
2057450721638039759
2057446461764477176
2057401984525996527
2057955030117015955
2057966245966999622
2057963653681615169
2057983096151253033
2057972430354940252
2058045963072405504
2058011867407380975
2058202105513676817
2058186727014187304
2058181738812309890
2058156790521725411
2058145204830650665
2058135440969089472
2058132846636847568
2058127996041695627
1699080930672226781
2058094417291190398
2058037437826547851
2058036872144933047
2058034501004276046
2058190243896160691
2058170990048547265
2058165957584167044
2058138292869353874
2058117922145673327
2058099543749939495
2058094345535009160
2058406568337756277
2058381238885613656
2058361033237156110
2058305466703462841
2058282870972862635
2058387737456283814
2058387313391292911
2058323862505521640
2058295308078215511
2058490687361085648
2058489074760224870
2058482802732274056
2058465515853766737
2058572320466461125
2058562167767716235
2058531387981152711
2058529110650151393
2058510541698793744
2058772156549644706
2058520011459977232
2058717066748907541
2058713825797661166
2058692112594661812
2058773114260160609
2058754509200122198
2058734338133709056
2058722218084114773
2058989892403945542
2058953033414062568
2058943424787792133
2058838163679031747
2059077760912605473
2059065990617649520
2059063774628450687
2058988271347335345
2058972067572355281
2058953250355974389
2058903366949126519
2058901032583999888
2058876793155940698
2058821116404305994
2058846808319955106
2058846299588612102
2059072556485972202
2059286407299137875
2059271242096816537
2059265535683276843
2059238825189388671
2059228207900189096
2059180092576936294
2059168317643083911
2059148492761899285
2059138453665906810
2059107156495097876
2059318217827651939
2059306037124157710
2059277135198695492
2059125606869356603
2059250618754293912
2059242640818999632
2059220304560541877
2059172433152856364
2059125363805147209
2059447331003715941
2059443362181382465
2059433628166483997
2059413084381630804
2059429137195188457
2059420876349816965
2059645060703236411
2059522432822866374
2059657429676339467
2059653176601772446
2059639155244822745
2059629442335699240
2059563104141488623
2059594893912346878
2059634173284171950
2059602387635937514
2059499728858222676
2060164315110584463
2060139696752406982
2060139106324328611
2060097906431172734
2059993116510458189
2059967662978118091
2059921889943027852
2059909524019155374
2059903556942282890
2059889218298708179
2059885377557868763
2059855066883047807
2059829738726953166
2059820268198187037
2059803424951251175
2060134996745277500
2060127617773412687
2060065338566562085
2060049756613996792
2059993701418701193
2059982578795577761
2059983787954688428
2059964051812397173
2059933484299522104
2059847045800984711
2059759815690527087
2060291548731113725
2060284313091064045
2060283283808915644
2060245476969247150
2060239165607022771
2060176739238920236
2060256082803720345
2060213334469947444
2060199348739404251
2060387817629643242
2060387733915508786
2060370288458768837
2060335217181892893
2060333047476895996
2060318237842461004
2058470526100906242
2060370583393882195
2060295400872145054
2060484902047633444
2060508443681944058
2060462454186897864
2060763654837145867
2060745949971161122
2060670766002389032
2060673001197281492
2060737333587329427
2060735568531837200
2060727713724539075
2060727527480656213
2060715736818143415
2060683945927418119
2060648851820904497
2060645974855610713
2060645839023051203
2060730377015374096
2060729714990608732
2060716766909915605
2060710962114748855
2060703149397315916
2060688644550332681
2060683486131007732
2060677669612818496
2060674320972804116
2060666577444565163
2060648793578885430
2060648438577164763
2060645061633937637
2060644784008724919
2060640428400210372
2060636187589812660
2060631349690790118
2060545969859768783
2060936595298214052
2060899790351987172
2060889295863550155
2060887455818207261
2061072717982650618
2061038094707835154
2061023567157084408
2061021544458186842
2059556718435320298
2060998430512889994
2060948875696091396
2061062237444530648
2061056433186316582
2061053906600579410
2061050345506386395
2061047134846398470
2061032628762112412
2061029460359733613
2061022094943740037
2061017186073010572
2061013215967138192
2060972078573158853
2061150071648096715
2061126653112373365
2061118363687125249
2061096242617466897
2061094962637480353
2061784532408541356
2061784080434536510
2061782414016311351
2061777289596314075
2061732484099010989
2061722410966257731
2061702153769726366
2061680127575253002
2061652788057350210
2061577165951701102
2061365890491494561
2061405007266918747
2061348968970543258
2061356501286195347
2061292703422595446
2061769046123815061
2061749787817627841
2061748296197320837
2061747026275242037
2061720368394776716
2061655019825590393
2061611433461416188
2061422723512074314
2061416819643273591
2061319269133275522
2061383332273999939
2061280935019241913
2061279239660548286
2062115019773678030
2062102513026056255
2062047253184082042
2062036503426154674
2062032176892563838
2062023493089440017
2062004909466362182
2061963378596438293
2061940962432266633
2061921590020022296
2061839567741993217
2061822787971649749
2061811621736087725
2061810779524084077
2061802841707311348
2061799328457642325
2062086794401988921
2062078840193884298
2061918150074216897
2061905013715423243
2061812611193475400
2061803419640414242
2061802312734212121
2062183172956443025
2062173431588852182
907929309033095168
2062153054133358980
2062150086591996211
2062141317673857295
2062122306911269263
2062150396781670859
2062143914807865847
2062861035443568837
2062851973955948717
2062824907466273041
2062797773586743553
2062662758571946361
2062573982830961068
2062549345275416834
2062546633951461855
2062421682317611493
2062494784737124618
2062486673712140316
2062482321656455505
2062459228036690375
2062449911694864622
2062395548834095325
2062371091490939016
2062308538500931776
2062916159872413748
2062902044730781837
2062896572091039762
2062886733235261713
2062873483118526917
2062833485208047974
2062818774106206273
2062807500387410022
2062776548902715842
2062772254136738265
2062475061643329738
2062739530348958119
2062710349611331674
2062683210098811034
2062886218480914641
1928733201481998518
2063075434267578408
2063283611844092097
2063230312797372458
2063253030116675895
2063503514287112617
2063501160385032577
2063491883066921220
1131319856098230272
2063474478513041645
2063446848837419093
2063238736746549602
2063033129640620392
2063429233507242019
2063418016222871552
2063416448765354084
2063273755699532185
2063524834446102932
2063507551250268212
2063499680303218975
2063493843513979090
2063486389153587495
2063429938641047860
2063386559853040092
2063572873541988474
2063599004806746137
2063590430047150132
2063584685968773358
2063625532563181978
2063602330629796310
2063591730826604723
2063588002031681599
2063577082547077184
2063783590278955421
2063618909715202084
2063802553108963381
2063795768235089926
2064141499319894467
2063979240295678463
2064133772434645128
2064126669024329960
2063990324721303617
2063969398021644476
2063945624450691485
2063924069981159854
2063922491681370214
2063909412314706293
2063907747394163196
2063903419744809322
2063883136401125684
2063874491072283065
2063825464867913738
2063817037453951247
2063811156150726687
2063983241904955403
1940964297326440480
2063967364211933230
2063904796747420005
2063821481684115764
2064203334031118585
2064197856718921845
2064167662603956666
2064161270300078500
2064187358124372335
2064179736730087633
1599572413288939521
2064572904889840056
2064707104104145054
2064702551292068028
2064697182427762736
2064677054122250346
2064674909247475726
2064672200448410090
2064657963797926195
2064630303768076648
2064576107589087412
2064542046434770946
2064532660492591328
2064508882412830813
2064738212699050090
2064710809788518908
2064917220262818248
2064890913433026987
2064816007345303665
2064860210158879113
2065051191449723287
2065284594996490352
2065075447067799810
2065269486081778156
2065246857627070842
2065260429304295464
2065268472804995463
2065205272755556780
2065111586625499233
2065074243755446576
2065072487453647016
2065050339875938728
2064985179689742660
2065553236447437067
2065519985905328155
2065310223095721986
2065454174972874875
2065439278457598233
2065402282754334989
2065389638752350629
2065383960834879524
2065379208784904492
2065547774427623562
2065386105579643284
2065386580571996262
2065373791430275304
1803766929829818573
2065606905633099863
2065595724885311948
2065564233925034363
2065604189502521639
2065585051711258814
2065695623601606811
2065732911681466638
2065711828781711577
2065692827586293828
2065683632728244355
2065674538772550047
2065666997434892740
2065644094626607214
2066096874751414658
2065813407652282491
2066091031222005994
2066085480161329444
2066074846011048026
2066064953182765529
2066057145536426400
2066037574943322263
2066032131139383468
2065999210454147096
2065978520581570763
2066098124226285611
2066083914104582601
2066025363554382274
2066006135090659566
2065992584800137450
2065989093549592859
2065805332883145078
2066787344741790197
2066764664810438702
2066748080855318893
2066681009748537563
2066664206909542422
2066659075803238907
2066658470624137546
2066643313403511030
2066639154096853458
2065842913679175801
2066539707979415949
2066530386302095714
2066526183605629344
2066510672725479722
2066503706942804146
2066499351355211947
2066473874720792619
2066473440283099274
2066467501878477028
2066465855568060670
2066690531548393816
2066474702038851767
2066404791274893406
2066353501224280565
2066344219221139539
2066186396520648731
2066146051044880743
2066145011750859017
2066103128479744045
2066871463727317280
2067363666903884042
2067211526000546094
2067244504676249748
2067241059135201514
2066832122992816149
2067222241880998172
2067221624139731088
2067149394869366833
2067204233473200378
2067190634948272197
2067178505230795072
2067159523417330165
2067176904504095025
2067237268847550851
2067229815049245167
2067223045358674156
2067205167767040249
2067196663102624181
2067187120008307021
2067184580822749329
2067083199357010299
2067078744960045369
2067062015773073595
2067483770819944785
2067449027268854191
2067423606800556137
2067415022008176660
2067394092418658310
2067393279000453177
2067491376745562227
2067479024008589762
2067081131988783455
2067448451584184344
2067404373211427069
2067600746703728891
2067574825171009582
2067575266369818836
2067558150002373010
2067539227450221049
2067507970326634558
2068020559666188498
2067997802328969341
2067994489231421467
2067933950786535799
2067860522549338438
2067985527228534891
2067950466840113503
2067940944931148187
1896028033938833475
2067984993754976750
2067983309041467821
2067966353643123125
2067962554803204434
2067959126492422278
2067956045859930261
2067942306469351693
2067938047757582505
2067929027382575224
2067921674432066012
2067895099368034438
2067815785423323165
2067629160328282501
2067628549423677775
2068082193902207197
2068055679156515009
2068205195700654455
2068191655652659493
2068214948401152063
2068113138575446146
2068186227065708885
2068325838962176248
2068318634913804748
2068305001538359398
2068253837400604894
2068280458182557815
2068277668043522297
2068273300225274003
2068269901836648548
2068269530900725990
2068231545673163228
2068217783268315295
2068129755900379343
2069289324278169741
2069042005636976997
2069277349494022446
2069271540286509361
2069263623097332016
2069254535051362478
2069243622839730251
2069204307862499719
2069202309729644924
2069172132010201547
2069079020332040273
2069067462616990055
2068928047513055705
2069189121420271902
2069255072111055185
2069035328628036038
2069181315157815313
2069093790409990382
2069080614733754791
2069074748429222218
2069072764825448687
2069039010060869898
2069025401507307953
2069017200103772653
2068999954228723846
2069010614010454470
2069009824436932739
2069005450553729388
1258036700179124225
2069410069641584890
2069363647076524244
2069356111527018587
2069350716439933142
2069326743165604213
2069408819340578903
2069404883317649768
2069404320140021851
2069371419713310912
2069779148055470520
2069772351978537134
2069764868232917326
2069762782711693569
2069747052905746907
2069744442022739989
2069730593806664155
2069727256814252463
2069713966302138556
2067901081754214734
2069702900373434652
2069695259488276719
2069685779018952990
2069674996751057293
2069668522163392722
2069638815590048021
2069745782354493907
2069713124777939182
2069709696282542412
2069675050668827016
2069664750313800047
2069658660394148251
2069782905887523015
2070148832567157049
2070117884211101804
2070107235192119531
2070481068294320555
2070479099341222346
2070461994839490965
2070461444941091231
2070450303938253051
2070067832877203858
2070433036047360119
2070428813159530524
2070418987020939560
2070400288431985104
2070359352754733146
2070344348043264363
2070293718201254009
2070524552682365315
2070518726839968253
2070515043616080046
2070450488898986336
2070437858075427038
2070427237187543246
2070426302897942718
2070423507826356692
2070373259749797993
2070349140937396691
2070309033253417082
2070275378330116109
2070982509022880083
2070923603965796570
2070852235760894142
2070846987109601442
2070804810249732548
2070775253559857249
2070766260447801375
2070763073863123029
2070729598623777043
2070695914550006149
2070694622469472559
2070685924619608493
2070643711453876333
2070511906872537160
2070503720631378234
2070973489927131215
2070888843176452422
2070883591270416475
2070855764152119472
2070714769091567695
2070675967467761850
2071167940213498266
2071281423437422636
2071238291656212741
2071236015977882049
2071231469167763534
2071226566202606044
2071194410344178090
2071187722275012677
2071183823279452303
2071124440247889942
2071100741398458752
2071095900827762971
2071109138654879932
2071345769354047928
2071241978256540138
2071228421557100664
2071193566463070585
1995114020659986528
2071173130182344762
2071163654427550201
2071034951123005883
2071131816531247389
2071121650515313108
2071380754093973845
2071373287637270663
2071698457002467382
2071431789462405388
2071616606934040855
2071594706245734495
2071588786891587742
2071570252756889689
2071585531117592754
2071578432627175884
2071576789869355514
2071544381300166744
2072148236534726915
2072650661645406593
2072606366829809720
2072600784760619414
2072582153410580916
2072577996964114529
2072569599166673140
2072566969673634111
2072562810002006404
2072535003679055929
2072476575745122328
2072714569181749680
2072688602262499746
2072681688841523334
2072679651626115420
2072665580533129317
2072662612664529200
2072660411904835704
2072729269940478147
2072524567663542280
2072684956787302568
2072676179648360715
2072675525697601573
2072671936371732543
2072667115170222158
2072664580908847529
2072658581246312570
2072656506051575892
2072653191586709666
2072652096680468860
2072626741362012278
2072618368633565608
2072506286911222118
2072494356746097031
2072482311694954905
2072865341278183913
2072852880877670862
2072847667328336273
2072834035400003819
2072806561777635398
2072808459578556829
2072453157482037293
2072994082562224305
2072959568683192777
2072890569765134389
2072886075287380307
2072981315306369312
2072960064915374289
2072955106803536137
2072935201479753812
2072922404670812210
1883037467860984044
2072885615558062290
2073052038657941673
2073045595749855726
2073044235528655353
2073038812738118038
2073034947036901777
2073051176829096054
2073050143516213327
2073023877895323783
1577848899858878464
1577901743413026817
1607693049152569345
1606054791162892288
2073058804456161517
2073426663900123186
2073415051592257810
2073404035227582665
2073401158010552775
2073387141061820677
2073386831190863897
2073386080217473335
2073381725997285716
2073364358256787753
2073390538167075111
2073382059213816246
2073381567481925799
2073359844619571498
2073354520563007533
2073324651628151163
2073323169713475612
2073268127828410705
2073228759721976286
2073207189645545673
2073182101780992229
2073178871139307927
2073124631079469349
2073587602419237320
2073558877954576602
2073542037131968639
2073530349062402507
2071941888698188040
2073586385290940589
2073580640050766001
2073553623469129971
2073540625262428322
2073662286200537119
2073651380024398195
2073636672605139263
2073627263774691725
2073601633624174728
2073599847341682742
2073695262535782804
2073688202754613518
2073681480581304756
2073649127821615161
2073635771811332156
2073632326370947364
2073627918253851030
2073594269403893968
2073591793124585947
2073796322231247258
2073770792765251846
2073751332897407411
2073738085322695107
2073718143638458749
2073706172352499766
2073701365235531984
2073700555495723305
2073811876258140223
2073790819413483705
2073737364430794960
2073768427630793098
2073746595473142185
2073722229553311761
2073665694881972721
2073961585429897278
2073945930718691412
2073943931885355481
2073934092190822576
2073931988940304785
2073889479828668898
2073976249631039867
2073935256802246785
2074010669305700438
2073978988238868615
2074093210532823122
2074081525260509477
2074078602178748814
2074076647809315158
2074071398641983566
2074068680225493044
2074062472362041792
2074147752741941307
2074136954615246979
2074105679397388411
2074148582664647121
2074146940066091138
2074139979421471025
2074130764736966759
2074093219793838472
2074121455907000465
2074103791570559071
2074099516471730238
2074085984610947355
2074085788904780136
2074085559740600745
2074081311422369828
2074077592932716764
2074076131788234793
2074059282572820943
2074046685458928117
2074046581826109788
2074046449852273035
2074039943740178796
2074367078619099416
2074465953841356876
2074456855917769218
2074456396435988690
2074332135163613347
2074439742989742358
2074637945542443233
2074769795002888233
2074789288663973987
2074796986365313514
2074759554865528888
2074757908504732116
2074755658684170604
2074743387715170582
2074737746602778637
2074735422652260529
2074731956663931345
2074815754894233938
2074811213356404740
2074792984554660274
2074791947953435094
2074789883047285179
2074694098653765909
2074786510302585165
2074778710092431652
2074659076169224202
2074487686816006610
2074836777601540305
1982751561643360484
2074820451759739332
2074828176149352452
2074892088278200420
2074885450230083740
2074859784499765616
2074849061291896956
2074874873663631509
2074854475920200145
2075064411849380008
2075055972528300533
2075052347534057863
2075049201558589631
2075046180128731166
2075045421517554171
2075043207130579313
2075037984022540604
2075193544923648365
2075191356000207094
2075188524610162965
2075178218605420792
2075175815978127698
2075169029531259366
2075164304752746544
2075162343764615353
2075142875961278512
2075138775500632123
2075137425886863750
2075111595630612709
2075176815443034230
2075319393240908177
2075145468464812315
2075097674999824388
2075048796741058826
2074961966544883928
2075264432289267729
2075172726940266530
2075327002656362559
2075349185285812553
2075344445562896598
2075344269510950933
2075342611901255936
2075339202049482934
2075338363436155232
2075365463887126887
2075549779384582497
2075615009858527645
2075591661259043264
2075512212349932030
2075594382875771257
2075590823207751803
2075577383873323324
2075558944282665020
2075677291460632598
2075415789860229622
2075664790203363770
2075570589620990310
2075652624867905666
2075646296749375568
2075460006959579139
2075535571821514864
2075628828534436173
2075919878708457631
2075916754174496792
2075907105622790566
2075895619735228622
2075877486400041283
2075874190390104253
2075948591097720988
2075926632091836620
2075925944301445450
2075920929151144381
2075912336242868457
2075911149674250662
2075908913736884504
2075906403177537540
2075899953688256626
2075891685880709602
2075887515555475904
2075901226806644797
2075979686031794419
2076063999620510102
2076063210600566799
2076032359720460360
2076257767850148126
2076099828506058872
2076213248400228630
2076240189664739356
2076237464273035653
2076213638403403809
2076201683873607983
2076171712383844569
2076169773453656539
2076117686455869807
2076135009816338733
2076124618767904994
2076245403461181687
2076238790537228780
2076236074431717747
2076226433081340158
2076220400779055162
2076204860731760909
2075549959181709648
2076176435849629710
2076112188633399507
2076138574823756283
2076138320879583686
2076133268760805613
2076132370760208397
2076326010468130979
2076320343497855161
2076312719670858077
2076298939922534829
2076291243999375671
2076284093277544722
2076280846164930900
2076277384320590303
2076276421350338583
1588338566920560643
2076345385451458571
2076337291421958364
2076309769112174928
2076306159104057559
2076302197688803482
2076278890751037894
2076278502450659621
2076268400897307069
2076260276404703265
2076427632300769648
2076574698306260993
2076571316040487113
2076568084924785035
2076511693447082275
2076511513545003313
2076510422526771586
2076490097411985770
2076483002880688259
2076454823768227881
2076451568195666138
2076694526140588223
2076691699158651048
2076684315984109964
2076681626004955416
2076624798978043929
2076596917187072339
2076566507476463834
2076522392835543087
2076517697177944550
2076516055170847131
2076507260558491848
2076471018626150889
2076457347531354220
2076314565059768591
2076749133939953675
2076693195585630231
2076641263731036432
2076640565870067858
2076627696071934305
2076626348697886736
2076615084034691242
2076581309955367181
